203    662
143    545
115    420
117    383
95    337
65    283
34    201
62    186
111    258
141    306
167    350
191    332
166    243
149    161
135    61
178    49
204    148
225    226
243    309
262    296
259    199
255    108
252    16
301    13
313    109
319    203
320    290
342    290
365    208
378    136
394    50
449    57
433    154
417    236
400    313
402    330
407    378
420    409
443    423
471    414
499    395
515    378
549    349
602    332
623    369
592    398
559    432
544    448
513    467
489    490
472    515
450    562
410    627
