-n 10
193    647
182    627
172    607
162    585
152    562
142    538
136    521
130    502
123    480
118    453


-n 10
104    356
77    311
59    264
49    239
43    195
50    191
85    220
99    242
127    282
151    328


-n 10
178    288
159    207
148    141
142    112
149    58
161    54
194    98
198    126
214    190
233    268


-n 10
260    246
256    157
254    84
253    63
268    15
281    14
307    54
310    74
316    150
318    241


-n 10
355    246
370    179
383    115
388    92
415    55
425    55
440    93
439    118
428    195
413    263


-n 8
405    326
406    340
406    353
407    368
411    382
415    391
420    403
427    415


-n 2
468    418
485    407


-n 6
515    383
541    356
586    340
618    365
592    394
562    429


-n 2
530    455
507    473


-n 10
476    512
470    522
464    531
458    542
452    556
447    568
441    580
434    592
424    604
411    617